Iced NACA 23012 — NACA23012_rime_XFOIL.dat
  1.00000000  0.00126000
  0.99983100  0.00128736
  0.99932600  0.00136941
  0.99848400  0.00150598
  0.99730600  0.00169684
  0.99579300  0.00194164
  0.99394700  0.00223994
  0.99176700  0.00259119
  0.98925700  0.00299475
  0.98641800  0.00344991
  0.98325200  0.00395583
  0.97976100  0.00451163
  0.97594900  0.00511636
  0.97181700  0.00576898
  0.96736900  0.00646835
  0.96260900  0.00721336
  0.95753900  0.00800289
  0.95216400  0.00883556
  0.94648800  0.00970999
  0.94051400  0.01062478
  0.93424800  0.01157839
  0.92769400  0.01256930
  0.92085700  0.01359617
  0.91374200  0.01465746
  0.90635400  0.01575141
  0.89869900  0.01687643
  0.89078200  0.01803090
  0.88261000  0.01921322
  0.87418800  0.02042178
  0.86552300  0.02165507
  0.85662100  0.02291111
  0.84748900  0.02418811
  0.83813300  0.02548474
  0.82856000  0.02679920
  0.81877800  0.02812966
  0.80879300  0.02947432
  0.79861300  0.03083153
  0.78824600  0.03220010
  0.77769800  0.03357784
  0.76697800  0.03496250
  0.75609300  0.03635238
  0.74505200  0.03774656
  0.73386100  0.03914283
  0.72253000  0.04053934
  0.71106600  0.04193437
  0.69947700  0.04332631
  0.68777300  0.04471350
  0.67596000  0.04609347
  0.66404700  0.04746409
  0.65204400  0.04882451
  0.63995700  0.05017309
  0.62779600  0.05150654
  0.61556800  0.05282402
  0.60328300  0.05412366
  0.59094900  0.05540341
  0.57857400  0.05666137
  0.56616600  0.05789609
  0.55373400  0.05910506
  0.54128600  0.06028608
  0.52883100  0.06143756
  0.51637600  0.06255845
  0.50393000  0.06364575
  0.49150100  0.06469778
  0.47909700  0.06571391
  0.46672600  0.06669135
  0.45439600  0.06762863
  0.44211500  0.06852375
  0.42988900  0.06937490
  0.41772800  0.07018155
  0.40563800  0.07094163
  0.39362700  0.07165269
  0.38170200  0.07231340
  0.36987000  0.07292370
  0.35813800  0.07348239
  0.34651300  0.07398698
  0.33500200  0.07443642
  0.32361100  0.07483041
  0.31234700  0.07516827
  0.30121600  0.07544933
  0.29022400  0.07567278
  0.27937700  0.07584078
  0.26868100  0.07593645
  0.25814100  0.07596817
  0.24776300  0.07596975
  0.23755200  0.07589731
  0.22751300  0.07576004
  0.21765000  0.07556984
  0.20796900  0.07532194
  0.19847300  0.07501874
  0.18916600  0.07465757
  0.18005400  0.07423144
  0.17114000  0.07373181
  0.16242800  0.07315683
  0.15392300  0.07250458
  0.14562700  0.07177168
  0.13754500  0.07096317
  0.12967900  0.07007872
  0.12203200  0.06911857
  0.11460700  0.06808876
  0.10740600  0.06698625
  0.10043200  0.06581430
  0.09368700  0.06457046
  0.08717500  0.06325267
  0.08089600  0.06187046
  0.07485400  0.06041468
  0.06905300  0.05888292
  0.06349200  0.05728398
  0.05817400  0.05561631
  0.05310000  0.05388686
  0.04827200  0.05209594
  0.04368900  0.05025465
  0.03935100  0.04836697
  0.03525500  0.04644276
  0.03140100  0.04449113
  0.02778400  0.04252007
  0.02440100  0.04054104
  0.02124700  0.03856234
  0.01831700  0.03659385
  0.01560600  0.03464468
  0.01310600  0.03272335
  0.01081100  0.03083881
  0.00871300  0.02899891
  0.00680400  0.02721108
  0.00507700  0.02548162
  0.00352200  0.02381705
  0.00212800  0.02222428
  0.00088900  0.02070643
  -0.00020700  0.01926942
  -0.00117000  0.01791663
  -0.00201100  0.01665184
  -0.00274000  0.01547634
  -0.00336900  0.01439277
  -0.00390500  0.01339981
  -0.00436200  0.01249935
  -0.00474700  0.01168903
  -0.00506900  0.01096627
  -0.00533800  0.01032985
  -0.00556000  0.00977572
  -0.00574200  0.00929911
  -0.00588800  0.00889520
  -0.00600400  0.00855886
  -0.00609600  0.00828509
  -0.00616700  0.00806788
  -0.00622100  0.00790103
  -0.00626000  0.00777806
  -0.00628700  0.00769240
  -0.00630400  0.00763739
  -0.00631400  0.00760629
  -0.00631800  0.00759229
  -0.00631900  0.00758858
  -0.00632000  0.00758458
  -0.00632500  0.00757059
  -0.00633400  0.00753946
  -0.00635100  0.00748437
  -0.00637700  0.00739845
  -0.00641400  0.00727484
  -0.00646400  0.00710662
  -0.00652600  0.00688681
  -0.00660200  0.00660832
  -0.00669200  0.00626390
  -0.00679200  0.00584625
  -0.00690600  0.00534891
  -0.00703000  0.00476478
  -0.00715700  0.00408563
  -0.00727200  0.00330317
  -0.00737600  0.00241191
  -0.00746300  0.00140592
  -0.00749400  0.00027811
  -0.00746400  -0.00097445
  -0.00738400  -0.00235521
  -0.00716800  -0.00385845
  -0.00681500  -0.00548109
  -0.00627900  -0.00720640
  -0.00553600  -0.00901864
  -0.00454100  -0.01088542
  -0.00326500  -0.01277166
  -0.00169100  -0.01464071
  0.00019300  -0.01645269
  0.00238900  -0.01817269
  0.00488800  -0.01977600
  0.00767600  -0.02124668
  0.01073800  -0.02257758
  0.01406000  -0.02376960
  0.01762900  -0.02482778
  0.02143600  -0.02575838
  0.02547400  -0.02657191
  0.02973700  -0.02727686
  0.03422100  -0.02788399
  0.03892300  -0.02840472
  0.04384300  -0.02884936
  0.04897800  -0.02922970
  0.05432900  -0.02955905
  0.05989400  -0.02984951
  0.06567400  -0.03011722
  0.07166900  -0.03037240
  0.07787800  -0.03063445
  0.08430200  -0.03091268
  0.09093900  -0.03121890
  0.09778800  -0.03156798
  0.10484800  -0.03196419
  0.11211900  -0.03241883
  0.11959800  -0.03292972
  0.12728300  -0.03350282
  0.13517400  -0.03413033
  0.14326800  -0.03480958
  0.15156400  -0.03553448
  0.16006100  -0.03629178
  0.16875700  -0.03707317
  0.17764900  -0.03786689
  0.18673700  -0.03865417
  0.19601900  -0.03942137
  0.20549100  -0.04015575
  0.21515100  -0.04084574
  0.22499500  -0.04148697
  0.23501800  -0.04207798
  0.24521500  -0.04261814
  0.25558200  -0.04310650
  0.26611300  -0.04354107
  0.27680200  -0.04392219
  0.28764500  -0.04425093
  0.29863600  -0.04452804
  0.30976800  -0.04475334
  0.32103600  -0.04492601
  0.33243300  -0.04504812
  0.34395300  -0.04511158
  0.35558800  -0.04512944
  0.36733300  -0.04510599
  0.37918100  -0.04502704
  0.39112400  -0.04490327
  0.40315500  -0.04473153
  0.41526700  -0.04451359
  0.42745200  -0.04425190
  0.43970300  -0.04394825
  0.45201200  -0.04360250
  0.46437200  -0.04321623
  0.47677500  -0.04279124
  0.48921100  -0.04232774
  0.50167500  -0.04182900
  0.51415700  -0.04129568
  0.52664900  -0.04072909
  0.53914300  -0.04013140
  0.55163100  -0.03950264
  0.56410400  -0.03884588
  0.57655400  -0.03816236
  0.58897300  -0.03745249
  0.60135200  -0.03671868
  0.61368300  -0.03596278
  0.62595600  -0.03518602
  0.63816400  -0.03438960
  0.65029900  -0.03357526
  0.66235100  -0.03274469
  0.67431200  -0.03189921
  0.68617400  -0.03104021
  0.69792800  -0.03016947
  0.70956700  -0.02928838
  0.72108100  -0.02839772
  0.73246300  -0.02749956
  0.74370400  -0.02659553
  0.75479600  -0.02568717
  0.76573100  -0.02477505
  0.77650100  -0.02386133
  0.78709900  -0.02294750
  0.79751700  -0.02203450
  0.80774600  -0.02112336
  0.81778000  -0.02021661
  0.82761100  -0.01931516
  0.83723200  -0.01842024
  0.84663600  -0.01753322
  0.85581500  -0.01665558
  0.86476400  -0.01578939
  0.87347400  -0.01493573
  0.88194100  -0.01409517
  0.89015700  -0.01326988
  0.89811600  -0.01246129
  0.90581300  -0.01167094
  0.91324200  -0.01089986
  0.92039600  -0.01014930
  0.92727200  -0.00942092
  0.93386300  -0.00871602
  0.94016400  -0.00803564
  0.94617200  -0.00738114
  0.95188100  -0.00675411
  0.95728700  -0.00615574
  0.96238600  -0.00558712
  0.96717400  -0.00504943
  0.97164800  -0.00454368
  0.97580400  -0.00407079
  0.97963900  -0.00363173
  0.98315100  -0.00322755
  0.98633600  -0.00285919
  0.98919200  -0.00252747
  0.99171700  -0.00223305
  0.99391000  -0.00197658
  0.99576800  -0.00175862
  0.99729000  -0.00157964
  0.99847500  -0.00144002
  0.99932200  -0.00134008
  0.99983000  -0.00128003
