Iced NACA 23012 — NACA23012_glaze_XFOIL.dat
  1.00000000  0.00126000
  0.99983000  0.00128763
  0.99932000  0.00137047
  0.99846900  0.00150837
  0.99728000  0.00170109
  0.99575200  0.00194826
  0.99388800  0.00224944
  0.99168700  0.00260408
  0.98915300  0.00301153
  0.98628600  0.00347106
  0.98308900  0.00398182
  0.97956400  0.00454293
  0.97571400  0.00515341
  0.97154300  0.00581220
  0.96705100  0.00651816
  0.96224500  0.00727017
  0.95712600  0.00806707
  0.95169900  0.00890749
  0.94596700  0.00978999
  0.93993500  0.01071317
  0.93360800  0.01167546
  0.92699000  0.01267535
  0.92008700  0.01371148
  0.91290200  0.01478225
  0.90544200  0.01588589
  0.89771200  0.01702080
  0.88971900  0.01818534
  0.88146700  0.01937790
  0.87296300  0.02059684
  0.86421300  0.02184064
  0.85522400  0.02310719
  0.84600300  0.02439485
  0.83655500  0.02570218
  0.82688900  0.02702736
  0.81701200  0.02836850
  0.80692900  0.02972382
  0.79665000  0.03109170
  0.78618200  0.03247092
  0.77553100  0.03385908
  0.76470600  0.03525389
  0.75371500  0.03665405
  0.74256500  0.03805822
  0.73126600  0.03946424
  0.71982400  0.04087027
  0.70824800  0.04227456
  0.69654600  0.04367551
  0.68472700  0.04507135
  0.67279800  0.04645930
  0.66076900  0.04783759
  0.64864800  0.04920574
  0.63644300  0.05056074
  0.62416300  0.05190046
  0.61181600  0.05322363
  0.59941000  0.05452826
  0.58695500  0.05581226
  0.57445900  0.05707390
  0.56192900  0.05831132
  0.54937600  0.05952197
  0.53680600  0.06070379
  0.52422800  0.06185543
  0.51165100  0.06297511
  0.49908300  0.06406003
  0.48653200  0.06510892
  0.47400600  0.06612050
  0.46151400  0.06709205
  0.44906200  0.06802204
  0.43666000  0.06890837
  0.42431400  0.06974950
  0.41203400  0.07054472
  0.39982500  0.07129129
  0.38769500  0.07198700
  0.37565300  0.07263105
  0.36370400  0.07322360
  0.35185700  0.07376161
  0.34011800  0.07424338
  0.32849400  0.07466822
  0.31699200  0.07503534
  0.30561700  0.07534412
  0.29437700  0.07559385
  0.28327800  0.07578440
  0.27232500  0.07591463
  0.26152400  0.07596581
  0.25088200  0.07597044
  0.24040300  0.07593217
  0.23009300  0.07580388
  0.21995600  0.07562495
  0.20999900  0.07538799
  0.20022400  0.07509682
  0.19063700  0.07474851
  0.18124200  0.07433853
  0.17204400  0.07386010
  0.16304600  0.07331312
  0.15425200  0.07269702
  0.14566500  0.07201203
  0.13729000  0.07126501
  0.12912800  0.07045988
  0.12118200  0.06959986
  0.11345200  0.06870413
  0.10593700  0.06779680
  0.09863400  0.06690753
  0.09153600  0.06614260
  0.08463700  0.06552266
  0.07794200  0.06512555
  0.07145400  0.06489316
  0.06517900  0.06482019
  0.05912100  0.06476155
  0.05328200  0.06455843
  0.04767800  0.06406372
  0.04234000  0.06317349
  0.03731900  0.06183368
  0.03265400  0.06007419
  0.02836800  0.05796659
  0.02445400  0.05561261
  0.02088500  0.05310370
  0.01762800  0.05051881
  0.01464900  0.04791275
  0.01191200  0.04533617
  0.00940000  0.04280868
  0.00709000  0.04035175
  0.00496700  0.03797923
  0.00302100  0.03569824
  0.00123900  0.03351572
  -0.00038500  0.03143328
  -0.00185700  0.02945252
  -0.00319100  0.02757861
  -0.00438600  0.02580725
  -0.00545700  0.02414339
  -0.00640500  0.02258447
  -0.00724500  0.02113328
  -0.00797900  0.01978598
  -0.00862300  0.01854685
  -0.00917700  0.01740971
  -0.00965600  0.01637550
  -0.01006800  0.01544289
  -0.01041500  0.01460592
  -0.01070600  0.01386245
  -0.01095400  0.01321038
  -0.01116200  0.01264424
  -0.01133300  0.01215850
  -0.01147100  0.01174714
  -0.01158000  0.01140503
  -0.01166700  0.01112662
  -0.01173500  0.01090600
  -0.01178600  0.01073661
  -0.01182400  0.01061184
  -0.01184900  0.01052498
  -0.01186600  0.01046922
  -0.01187500  0.01043771
  -0.01188000  0.01042353
  -0.01188100  0.01041977
  -0.01188200  0.01041572
  -0.01188600  0.01040154
  -0.01189600  0.01037002
  -0.01191200  0.01031422
  -0.01193800  0.01022723
  -0.01197400  0.01010214
  -0.01202300  0.00993200
  -0.01208600  0.00970993
  -0.01216300  0.00942885
  -0.01225500  0.00908167
  -0.01236100  0.00866088
  -0.01247600  0.00815880
  -0.01260300  0.00756938
  -0.01274500  0.00688647
  -0.01289500  0.00610192
  -0.01303200  0.00520643
  -0.01315400  0.00419415
  -0.01327100  0.00306072
  -0.01334500  0.00179792
  -0.01198000  -0.00068141
  -0.01190000  -0.00235207
  -0.01168300  -0.00416363
  -0.01129600  -0.00610345
  -0.01071100  -0.00815807
  -0.00989200  -0.01030689
  -0.00879200  -0.01251538
  -0.00738700  -0.01474993
  -0.00564700  -0.01696499
  -0.00355700  -0.01911354
  -0.00111400  -0.02115271
  0.00167400  -0.02304677
  0.00479400  -0.02476877
  0.00822500  -0.02630263
  0.01194800  -0.02764356
  0.01594400  -0.02879433
  0.02019800  -0.02976092
  0.02469700  -0.03055580
  0.02943200  -0.03118972
  0.03439500  -0.03167834
  0.03958200  -0.03203783
  0.04498900  -0.03228506
  0.05061400  -0.03243770
  0.05645600  -0.03251857
  0.06251500  -0.03254742
  0.06879000  -0.03254840
  0.07528200  -0.03254460
  0.08199100  -0.03256041
  0.08891500  -0.03260986
  0.09605500  -0.03271112
  0.10340800  -0.03289091
  0.11097300  -0.03315305
  0.11874700  -0.03349980
  0.12672800  -0.03394357
  0.13491300  -0.03446731
  0.14330000  -0.03507176
  0.15188700  -0.03574631
  0.16067200  -0.03647171
  0.16965500  -0.03723629
  0.17883200  -0.03802406
  0.18820300  -0.03881154
  0.19776500  -0.03958044
  0.20751600  -0.04031624
  0.21745300  -0.04100758
  0.22757000  -0.04164831
  0.23786400  -0.04223686
  0.24833000  -0.04277195
  0.25896100  -0.04325246
  0.26975300  -0.04367749
  0.28070100  -0.04404721
  0.29179700  -0.04436273
  0.30303700  -0.04462447
  0.31441400  -0.04483141
  0.32592100  -0.04498460
  0.33755300  -0.04508109
  0.34930200  -0.04512251
  0.36116100  -0.04512984
  0.37312400  -0.04507210
  0.38518300  -0.04497043
  0.39733200  -0.04481986
  0.40956200  -0.04462113
  0.42186600  -0.04437648
  0.43423700  -0.04408847
  0.44666600  -0.04375725
  0.45914700  -0.04338391
  0.47167000  -0.04297053
  0.48422900  -0.04251750
  0.49681400  -0.04202747
  0.50941800  -0.04150200
  0.52203200  -0.04094215
  0.53464800  -0.04034999
  0.54725800  -0.03972621
  0.55985300  -0.03907289
  0.57242500  -0.03839217
  0.58496500  -0.03768459
  0.59746500  -0.03695188
  0.60991600  -0.03619633
  0.62230900  -0.03541936
  0.63463700  -0.03462216
  0.64689000  -0.03380632
  0.65905900  -0.03297367
  0.67113700  -0.03212567
  0.68311500  -0.03126367
  0.69498400  -0.03038932
  0.70673600  -0.02950447
  0.71836300  -0.02860959
  0.72985600  -0.02770680
  0.74120600  -0.02679782
  0.75240600  -0.02588423
  0.76344800  -0.02496681
  0.77432400  -0.02404726
  0.78502500  -0.02312752
  0.79554400  -0.02220854
  0.80587300  -0.02129119
  0.81600500  -0.02037798
  0.82593200  -0.01947006
  0.83564700  -0.01856858
  0.84514200  -0.01767492
  0.85441100  -0.01679058
  0.86344700  -0.01591751
  0.87224200  -0.01505717
  0.88079100  -0.01420991
  0.88908700  -0.01337785
  0.89712400  -0.01256255
  0.90489600  -0.01176555
  0.91239700  -0.01098796
  0.91962100  -0.01023096
  0.92656400  -0.00949624
  0.93321900  -0.00878517
  0.93958200  -0.00809879
  0.94564800  -0.00743844
  0.95141200  -0.00680574
  0.95687100  -0.00620191
  0.96202000  -0.00562808
  0.96685500  -0.00508542
  0.97137200  -0.00457497
  0.97556900  -0.00409766
  0.97944100  -0.00365447
  0.98298700  -0.00324646
  0.98620300  -0.00287459
  0.98908700  -0.00253971
  0.99163700  -0.00224247
  0.99385100  -0.00198353
  0.99572700  -0.00176346
  0.99726300  -0.00158274
  0.99846000  -0.00144177
  0.99931500  -0.00134086
  0.99982900  -0.00128023
