Iced NACA 23012 — NACA23012_mixed_XFOIL.dat
  1.00000000  0.00126000
  0.99982900  0.00128778
  0.99931600  0.00137106
  0.99846100  0.00150970
  0.99726500  0.00170344
  0.99573000  0.00195193
  0.99385500  0.00225472
  0.99164300  0.00261124
  0.98909500  0.00302086
  0.98621200  0.00348281
  0.98299800  0.00399626
  0.97945500  0.00456032
  0.97558400  0.00517399
  0.97139000  0.00583621
  0.96687500  0.00654583
  0.96204200  0.00730173
  0.95689600  0.00810273
  0.95144000  0.00894744
  0.94567700  0.00983442
  0.93961400  0.01076226
  0.93325300  0.01172938
  0.92659900  0.01273425
  0.91965800  0.01377551
  0.91243500  0.01485155
  0.90493500  0.01596057
  0.89716400  0.01710097
  0.88912700  0.01827109
  0.88083100  0.01946932
  0.87228200  0.02069402
  0.86348500  0.02194364
  0.85444800  0.02321603
  0.84517700  0.02450960
  0.83567900  0.02582286
  0.82596100  0.02715398
  0.81603000  0.02850103
  0.80589400  0.02986226
  0.79555900  0.03123606
  0.78503400  0.03262115
  0.77432700  0.03401507
  0.76344400  0.03541550
  0.75239300  0.03682135
  0.74118400  0.03823104
  0.72982300  0.03964244
  0.71832000  0.04105372
  0.70668200  0.04246312
  0.69491700  0.04386903
  0.68303400  0.04526959
  0.67104200  0.04666193
  0.65894800  0.04804446
  0.64676100  0.04941681
  0.63449100  0.05077531
  0.62214400  0.05211846
  0.60973100  0.05344471
  0.59725800  0.05475202
  0.58473600  0.05603827
  0.57217200  0.05730188
  0.55957500  0.05854066
  0.54695400  0.05975210
  0.53431600  0.06093424
  0.52167000  0.06208588
  0.50902600  0.06320465
  0.49639000  0.06428806
  0.48377100  0.06533513
  0.47117700  0.06634387
  0.45861700  0.06731196
  0.44609800  0.06823763
  0.43362900  0.06911875
  0.42121700  0.06995420
  0.40886900  0.07074260
  0.39659400  0.07148116
  0.38439900  0.07216798
  0.37229200  0.07280261
  0.36027900  0.07338462
  0.34836700  0.07391105
  0.33656500  0.07438073
  0.32487800  0.07479335
  0.31331300  0.07514842
  0.30187800  0.07544610
  0.29057700  0.07568656
  0.27941800  0.07587289
  0.26840700  0.07599172
  0.25754800  0.07605551
  0.24684900  0.07609721
  0.23631400  0.07606793
  0.22594800  0.07600518
  0.21575600  0.07590931
  0.20574300  0.07578527
  0.19591300  0.07563787
  0.18627000  0.07546709
  0.17681800  0.07526578
  0.16756100  0.07502714
  0.15850200  0.07474319
  0.14964600  0.07440840
  0.14099500  0.07401498
  0.13255400  0.07355314
  0.12432600  0.07301751
  0.11631400  0.07240954
  0.10852000  0.07172610
  0.10094300  0.07101552
  0.09358300  0.07030235
  0.08642800  0.06971395
  0.07948200  0.06924223
  0.07274200  0.06898254
  0.06622100  0.06875869
  0.05991400  0.06863497
  0.05382800  0.06839248
  0.04797600  0.06789008
  0.04239200  0.06699415
  0.03712500  0.06563761
  0.03222100  0.06383194
  0.02771200  0.06164377
  0.02359100  0.05917838
  0.01983600  0.05653441
  0.01640600  0.05380115
  0.01326700  0.05104000
  0.01038400  0.04829812
  0.00773000  0.04560729
  0.00528500  0.04298744
  0.00303300  0.04045350
  0.00096300  0.03801295
  -0.00093800  0.03567318
  -0.00267500  0.03343539
  -0.00425400  0.03130103
  -0.00568800  0.02927577
  -0.00697500  0.02735487
  -0.00812900  0.02554311
  -0.00915500  0.02383925
  -0.01006400  0.02224529
  -0.01086100  0.02075990
  -0.01156000  0.01938516
  -0.01216000  0.01811591
  -0.01268300  0.01695627
  -0.01312800  0.01590097
  -0.01350400  0.01494724
  -0.01382600  0.01409541
  -0.01409900  0.01334026
  -0.01432400  0.01267587
  -0.01450700  0.01209789
  -0.01465800  0.01160276
  -0.01478300  0.01118489
  -0.01488400  0.01083811
  -0.01496400  0.01055616
  -0.01502600  0.01033260
  -0.01507300  0.01016087
  -0.01510700  0.01003435
  -0.01513000  0.00994624
  -0.01514500  0.00988967
  -0.01515300  0.00985769
  -0.01515700  0.00984331
  -0.01515800  0.00983949
  -0.01515900  0.00983538
  -0.01516300  0.00982099
  -0.01517100  0.00978899
  -0.01518600  0.00973234
  -0.01520800  0.00964402
  -0.01524000  0.00951694
  -0.01528200  0.00934399
  -0.01533500  0.00911801
  -0.01539900  0.00883211
  -0.01547600  0.00847921
  -0.01551900  -0.00000670
  -0.01556800  0.00805284
  -0.01567300  0.00754581
  -0.01578900  0.00695076
  -0.01591100  0.00626008
  -0.01602400  0.00546525
  -0.01613100  0.00456075
  -0.01623800  0.00354125
  -0.01632200  0.00239887
  -0.01635400  0.00112404
  -0.01495600  -0.00137081
  -0.01485300  -0.00305325
  -0.01460800  -0.00487117
  -0.01421100  -0.00681999
  -0.01363100  -0.00888809
  -0.01283500  -0.01105881
  -0.01178000  -0.01330407
  -0.01044300  -0.01559668
  -0.00878800  -0.01789424
  -0.00679800  -0.02015776
  -0.00446300  -0.02234457
  -0.00178000  -0.02441516
  0.00124200  -0.02633888
  0.00458700  -0.02809581
  0.00823700  -0.02967915
  0.01216900  -0.03109801
  0.01636400  -0.03237778
  0.02080200  -0.03356405
  0.02546200  -0.03472848
  0.03032200  -0.03595971
  0.03536400  -0.03734145
  0.04058000  -0.03889048
  0.04600700  -0.04049052
  0.05172000  -0.04184722
  0.05776700  -0.04252530
  0.06406200  -0.04221728
  0.07048300  -0.04106140
  0.07705800  -0.03956121
  0.08390100  -0.03819374
  0.09100900  -0.03730350
  0.09839300  -0.03683779
  0.10600400  -0.03673966
  0.11382800  -0.03674058
  0.12186300  -0.03680936
  0.13010700  -0.03698998
  0.13855800  -0.03722968
  0.14721200  -0.03753591
  0.15606600  -0.03791402
  0.16511800  -0.03836012
  0.17436500  -0.03886126
  0.18380400  -0.03940591
  0.19343100  -0.03997840
  0.20324500  -0.04055876
  0.21324300  -0.04113087
  0.22342000  -0.04168514
  0.23377200  -0.04221408
  0.24429600  -0.04271198
  0.25498500  -0.04317264
  0.26583600  -0.04359005
  0.27684200  -0.04396097
  0.28799700  -0.04428366
  0.29929700  -0.04455671
  0.31073500  -0.04477813
  0.32230300  -0.04494611
  0.33399700  -0.04506163
  0.34580900  -0.04511815
  0.35773200  -0.04513124
  0.36975900  -0.04509231
  0.38188200  -0.04500275
  0.39409600  -0.04486469
  0.40639200  -0.04467719
  0.41876200  -0.04444244
  0.43119900  -0.04416317
  0.44369600  -0.04384031
  0.45624300  -0.04347444
  0.46883400  -0.04306758
  0.48146000  -0.04262075
  0.49411300  -0.04213564
  0.50678500  -0.04161470
  0.51946700  -0.04105877
  0.53215100  -0.04046975
  0.54482900  -0.03984894
  0.55749100  -0.03919765
  0.57013100  -0.03851855
  0.58273800  -0.03781238
  0.59530500  -0.03708040
  0.60782300  -0.03632511
  0.62028300  -0.03554810
  0.63267700  -0.03475055
  0.64499500  -0.03393395
  0.65723000  -0.03310020
  0.66937300  -0.03225086
  0.68141600  -0.03138724
  0.69334800  -0.03051096
  0.70516400  -0.02962403
  0.71685200  -0.02872688
  0.72840700  -0.02782158
  0.73981800  -0.02690988
  0.75107900  -0.02599339
  0.76218000  -0.02507306
  0.77311400  -0.02415031
  0.78387300  -0.02322730
  0.79444800  -0.02230500
  0.80483300  -0.02138425
  0.81501900  -0.02046746
  0.82499900  -0.01955596
  0.83476600  -0.01865086
  0.84431200  -0.01775352
  0.85363100  -0.01686548
  0.86271500  -0.01598861
  0.87155800  -0.01512454
  0.88015300  -0.01427358
  0.88849300  -0.01343777
  0.89657300  -0.01261875
  0.90438700  -0.01181807
  0.91192800  -0.01103686
  0.91919100  -0.01027630
  0.92617000  -0.00953806
  0.93286100  -0.00882356
  0.93925800  -0.00813386
  0.94535700  -0.00747026
  0.95115200  -0.00683441
  0.95664000  -0.00622756
  0.96181600  -0.00565083
  0.96667700  -0.00510541
  0.97121900  -0.00459234
  0.97543800  -0.00411259
  0.97933100  -0.00366711
  0.98289600  -0.00325697
  0.98612900  -0.00288315
  0.98902800  -0.00254650
  0.99159200  -0.00224769
  0.99381800  -0.00198738
  0.99570400  -0.00176614
  0.99724900  -0.00158446
  0.99845200  -0.00144274
  0.99931200  -0.00134129
  0.99982800  -0.00128033
